0.688632
0.583843
0.538885
0.515173
0.50079
0.491244
0.484517
0.479575
0.475831
0.47293
0.470639
0.468804
0.467317
0.466099
0.465094
0.464258
0.463559
0.462971
0.462474
0.462052
0.461694
0.461388
0.461126
0.460901
0.460707
0.460541
0.460397
0.460273
0.460165
0.460072
0.459991
0.459921
0.45986
0.459807
0.459761
0.459721
0.459686
0.459655
0.459629
0.459606
0.459585
0.459568
0.459552
0.459539
0.459527
0.459517
0.459508
0.4595
0.459493
0.459487
0.459482
0.459478
0.459474
0.45947
0.459467
0.459465
0.459463
0.459461
0.459459
0.459458
0.459456
0.459455
0.459454
0.459454
0.459453
0.459452
0.459452
0.459451
0.459451
0.459451
0.459451
0.45945
0.45945
0.45945
0.45945
0.45945
0.45945
0.45945
0.45945
0.45945
0.45945
0.45945
0.45945
0.45945
0.45945
0.45945
0.45945
0.45945
0.45945
0.45945
0.45945
0.45945
0.45945
0.45945
0.45945
0.45945
0.45945
0.45945
0.45945
0.45945